1 1 1 2500
1 2 1 7200
1 3 1 3000
2 1 1 6000
2 2 1 6000
2 3 1 1000
3 1 1 1000
3 2 1 1000
3 3 1 1003
4 1 1 4004
4 2 1 5001
4 3 1 5000
1 1 2 9000
1 2 2 9000
1 3 2 3000
2 1 2 6000
2 2 2 6000
2 3 2 1000
3 1 2 1000
3 2 2 2000
3 3 2 1000
4 1 2 4000
4 2 2 5000
4 3 2 5000
1 1 3 6100
1 2 3 6700
1 3 3 6300
2 1 3 6600
2 2 3 6600
2 3 3 6100
3 1 3 6100
3 2 3 6200
3 3 3 6100
4 1 3 6400
4 2 3 6500
4 3 3 6500
1 1 4 1030
1 2 4 7030
1 3 4 3030
2 1 4 6030
2 2 4 6030
2 3 4 1030
3 1 4 1030
3 2 4 2030
3 3 4 1030
4 1 4 4030
4 2 4 5030
4 3 4 5030
1 1 5 1234
1 2 5 7902
1 3 5 3003
2 1 5 6004
2 2 5 6005
2 3 5 1006
3 1 5 1001
3 2 5 2003
3 3 5 1002
4 1 5 4003
4 2 5 5004
4 3 5 5005
1 1 6 1000
1 2 6 7000
1 3 6 3000
2 1 6 6000
2 2 6 6000
2 3 6 1000
3 1 6 1000
3 2 6 2000
3 3 6 1000
4 1 6 4000
4 2 6 5000
4 3 6 5000
1 1 7 1000
1 2 7 7000
1 3 7 3000
2 1 7 6000
2 2 7 6000
2 3 7 1000
3 1 7 1000
3 2 7 2000
3 3 7 1000
4 1 7 4000
4 2 7 5000
4 3 7 5000
1 1 8 1010
1 2 8 7010
1 3 8 3010
2 1 8 6010
2 2 8 6010
2 3 8 1010
3 1 8 1010
3 2 8 2010
3 3 8 1010
4 1 8 4010
4 2 8 5010
4 3 8 5010
1 1 9 1900
1 2 9 7900
1 3 9 3900
2 1 9 6900
2 2 9 6900
2 3 9 1900
3 1 9 1900
3 2 9 2900
3 3 9 1900
4 1 9 4900
4 2 9 5900
4 3 9 5900
1 1 10 5000
1 2 10 5000
1 3 10 5000
2 1 10 5000
2 2 10 5000
2 3 10 5000
3 1 10 5000
3 2 10 5000
3 3 10 5000
4 1 10 5000
4 2 10 5000
4 3 10 5000
1 1 11 1026
1 2 11 7026
1 3 11 3026
2 1 11 6026
2 2 11 6026
2 3 11 1026
3 1 11 1026
3 2 11 2026
3 3 11 1026
4 1 11 4026
4 2 11 5026
4 3 11 5026
1 1 12 11000
1 2 12 71000
1 3 12 31000
2 1 12 61000
2 2 12 61000
2 3 12 11000
3 1 12 11000
3 2 12 21000
3 3 12 11000
4 1 12 41000
4 2 12 51000
4 3 12 51000